5679
2950
2537
171
2950
6766
4397
2537
5574
4028
2950
1571
139
6630
852
205
4397
6766
6630
852
4368
5757
937
3012
4421
2196
4376
7277
1405
937
3518
4028
2950
4959
4403
937
4946
5112
4028
4397
5153
4376
7277
1405
3870
1863
4376
5574
1013
4520
318
3111
2081
1405
7163
2660
1897
3644
4376
763
5812
2660
1897
2196
139
1405
763
2487
7163
763
3481
5567
2192
2867
1166
4028
2950
7163
3780
139
763
151
4397
7131
4028
1897
6508
3089
3896
1773
6442
5576
3047
437
3507
3047
3169
6190
4028
3340
4397
5052
6028
88
767
7293
301
1584
4762
166
1168
929
5166
116
1203
6974
4958
6190
6443
6295
5803
2192
4376
4397
6639
1705
763
5226
4397
2192
3301
3111
1078
6766
1405
4376
3221
4397
1768
4676
7277
4105
5368
1339
1405
55
2950
6284
3111
4397
4959
4403
4028
4397
5329
151
1834
4397
5756
5574
301
5757
1335
852
4397
1405
5065
3111
5205
1405
5762
274
2570
139
1508
3169
4762
2671
660
5567
4376
4762
1598
2081
5554
4762
2750
4085
1405
786
4762
4762
7199
2081
1405
3221
4397
4616
7277
3207
4397
5330
4696
4376
7277
1405
5782
1405
2512
4397
4762
5261
4376
4176
4397
1405
4470
1078
6461
4470
1078
4446
4397
7313
1405
171
4376
5256
4028
4397
3506
270
4397
3045
937
4524
4397
1230
4397
4376
7277
1405
1405
7163
7293
7014
4136
1078
1050
139
1405
171
4376
6295
4376
5052
4397
1405
4134
1078
1405
3917
1794
4089
1339
437
4008
139
4376
512
4625
318
3111
4397
3180
3111
2081
1405
4028
4397
1718
2894
4376
1508
2033
4136
4911
2081
4376
7277
1405
1405
6244
2081
4376
1420
139
1405
1720
3641
270
7277
6404
270
852
2081
1405
6905
318
3111
4397
5153
6129
4397
4376
3641
4397
6269
7321
7277
2441
6974
7291
5052
2081
1405
7116
4376
2950
5583
2081
4435
4376
4330
4397
1455
4379
4397
512
2570
2081
4170
2256
2196
4376
7277
1405
937
4466
5052
4397
5338
6129
90
301
1339
90
4545
5052
1405
5574
6617
2950
4397
120
4766
2033
1339
4397
4679
6782
38
956
4397
2256
3160
305
4170
5574
4028
5052
4397
5565
3111
2081
4170
2436
937
6561
3111
2049
6213
4397
2950
4845
761
3111
4397
4170
5052
4397
2393
3301
3111
4397
5803
5052
4397
5565
3111
2081
4170
4397
4170
5574
4028
4920
4376
724
2731
2950
3463
2357
2327
38
5052
4397
1405
763
151
4376
1793
1405
763
5226
5171
5293
1166
5378
2639
2205
7277
5171
5293
1166
5378
7163
4376
1405
4798
7163
1405
1576
4397
2327
7277
474
139
1339
2081
1405
7163
2660
465
763
6722
4376
5602
6305
1571
2806
3463
5332
7277
2185
1329
4136
139
1193
763
1405
7163
5152
139
7163
6935
6011
763
166
673
5052
1078
786
7163
1296
4397
4376
2639
7293
929
1405
3356
4376
763
6442
763
4333
1705
5052
2950
1405
5556
318
4397
3463
2357
6461
139
673
852
1405
4376
1405
4798
7163
4
139
4089
3507
763
5152
4376
763
5977
763
4800
139
318
3111
3896
623
1584
7163
7293
4028
4397
1405
1794
4397
6467
3012
157
5170
3008
3376
6213
6522
3012
5500
1381
2256
1405
7277
4376
5788
852
1842
2928
1801
4136
3903
6617
1405
318
4397
1801
6962
2950
3478
3312
4397
2841
4730
2910
4798
40
2023
6663
4376
4397
1227
1801
2950
6873
881
2950
1711
3111
5495
90
2632
5424
7277
4422
2671
2885
2033
4397
5757
2374
3123
852
3037
2950
1711
5052
2950
2910
4798
1745
4376
1801
4008
4376
3244
2950
4768
2684
881
2419
4632
4232
5975
2106
4397
5837
3111
2950
3918
3502
4397
6531
4768
3669
82
937
4689
4376
7277
1405
5788
7277
2015
2106
4397
1728
852
4397
3669
4376
7277
1405
937
1405
7277
4376
5521
2033
4397
3630
1577
6803
7277
5113
4376
7277
1405
5521
1339
2950
1955
5046
245
937
2419
6712
4028
5325
55
3790
786
6940
3111
4397
1227
4761
7277
7176
5052
4397
6902
245
937
3510
1487
4752
4028
1076
3111
1863
4376
3863
1339
4397
2192
1405
4397
5757
7074
3735
5052
90
5893
4280
55
7323
703
2459
1339
4397
4768
1584
6305
953
1339
5383
4028
4397
1956
4768
1405
5873
3227
2806
3244
1060
5610
5250
3971
5052
6563
7277
4397
1828
3244
1699
6531
4397
1744
4845
1675
3918
4479
5113
1405
1508
4136
242
5052
2081
1487
4376
1508
414
4397
3611
3111
4376
7163
176
4918
937
763
1584
1705
2196
6192
7277
2639
556
5567
852
4950
806
2639
937
1168
1117
852
3748
4266
4622
3663
3609
4406
4431
6532
3924
2950
5627
3982
4136
4397
3803
3111
4845
4397
1390
6621
2950
1086
3593
2815
4397
5627
5574
4845
1035
1536
4786
852
4845
3429
2125
2950
664
4028
2950
2473
2544
2684
5975
4397
2436
7277
318
2950
2544
2639
2910
2081
6766
4028
4397
4762
7052
5052
2950
2063
6876
7277
2055
5052
4397
2544
2473
3169
852
2253
852
1288
3817
5325
2639
4486
2950
2400
7277
2950
3018
3028
7277
3931
3028
2846
2253
852
3028
7163
687
3028
6192
318
3111
4397
4397
4679
4028
2081
3028
763
2660
3903
6984
906
4028
4397
929
6295
2950
4493
7277
763
4263
3774
852
687
2544
7163
2910
1274
4959
3339
2739
4176
3028
6127
5325
2014
3111
4397
1664
2806
6754
3169
2544
3896
3028
786
4397
2544
5556
318
2950
6952
7277
4611
2129
5765
1339
4397
4762
3507
1794
2867
5858
4318
4397
788
3111
4397
5803
4397
2544
6436
270
2641
5556
318
2950
866
2641
6143
4134
5052
7277
2419
1067
3971
4028
7277
3510
6982
297
2867
3111
3841
2950
7277
2950
5268
3378
4028
2950
5822
6027
4398
6356
2033
1897
1508
852
2591
2950
5369
4397
5526
2400
122
2950
6015
6956
55
2950
4744
1174
4762
1508
3169
7277
5574
2950
122
3028
4028
3047
7163
6442
399
7163
2750
297
270
318
3111
4397
4982
7163
3169
1705
4397
4406
2761
4397
1744
3842
5113
1405
7277
4376
4844
90
1405
3111
7163
1117
852
6436
4813
4718
3817
4397
3890
4376
3409
318
4762
1177
4403
55
6299
3625
1405
7163
4376
1897
2750
763
1405
7163
937
4323
2950
7163
5714
5756
2806
4376
5574
4762
2548
5052
4397
4376
5703
7163
2660
1897
3896
3718
1405
5602
763
4156
1897
3896
3718
4376
7163
5756
7307
1056
4136
7163
4156
139
5538
7163
5870
2591
4136
1350
5837
2234
5513
399
7163
1686
2591
4798
7163
1826
5052
232
4403
1897
4278
5625
6508
4397
1405
804
7131
4376
5583
2081
1405
866
5052
2081
1405
1744
852
7163
2227
5104
3111
3896
5013
4028
3609
6743
2505
157
5170
3008
3609
3157
5573
3111
2505
157
5170
2505
6902
1151
3385
55
6982
7014
4136
3354
4752
7277
1487
4729
558
139
5849
6876
2950
2154
3227
7277
7277
7316
201
2328
6127
5576
5452
3123
5113
1405
1143
2081
3409
852
1405
2154
6611
7163
5452
3841
4376
7316
4729
2154
763
2750
5942
5325
1603
2033
2081
4846
5900
270
1405
5583
2081
1339
5873
4376
6611
4798
40
2023
4132
270
2591
2505
6902
1151
5998
3354
3800
4397
1744
940
2950
5279
6601
5052
4397
2154
6028
297
2950
3817
852
1992
318
4397
5113
1405
3409
852
1405
4376
5052
3896
1405
5567
852
1296
5052
6902
540
2867
6547
4397
1913
151
5574
4397
4959
2419
6547
937
5500
7277
4376
1420
4397
5113
4089
2548
4406
2761
4397
6092
1718
5567
4397
6958
3111
4397
2500
826
7199
852
2950
2578
4469
4397
4765
4028
4028
6631
2482
2505
6902
1151
5998
3354
3800
4397
6601
2154
3085
5052
6743
6295
4494
642
6295
90
1331
852
1487
90
2500
3927
2591
786
4397
157
5574
5998
1487
3800
5055
3111
4397
3800
3924
2950
3169
2950
4397
4959
5055
3924
2950
934
4091
956
2950
3611
3111
5113
1405
4211
4397
242
5052
4397
1487
1405
5184
852
3593
6621
6785
4376
3170
2084
4136
529
4265
2433
5052
6859
852
3593
4376
5556
673
5052
4397
4397
4765
4376
2014
852
3869
5171
2578
2023
2639
4406
2761
4397
1744
7199
4902
3160
2950
4387
3918
806
4397
5875
1390
4397
1390
6621
5574
2950
3573
3029
5741
547
5129
4622
3663
3609
4406
2950
2473
2544
2684
6123
2844
4397
4397
2633
5574
6127
6151
6666
6110
3774
2741
3668
7163
6305
4318
4397
5854
6909
6151
3668
127
6163
6151
1897
5574
139
5325
4355
4612
108
3668
2858
4156
2858
4333
2950
1945
3111
1145
1117
4318
4397
5854
6909
4845
656
6604
7277
88
5757
1629
6151
5325
5574
2950
3018
2129
1316
2570
437
3111
3774
5403
222
5602
5052
3668
1908
2858
4156
437
3111
4397
1145
166
7277
4397
3024
437
6151
2858
166
4964
786
4844
139
1390
6621
6785
4239
5129
2033
6621
2639
5226
4397
1744
4620
2639
4486
139
4880
1296
852
4397
7288
4397
3789
5052
5468
3301
3111
4397
2505
6902
1151
4397
934
6987
4397
1744
4463
3160
2950
1487
4494
642
3085
2154
687
5052
5576
5378
852
4134
2033
2806
157
5711
3438
5113
1405
1764
2081
1487
1405
2106
4397
3251
852
2267
4376
171
2950
4330
5567
3111
4397
3215
5052
2950
4676
3111
4376
1508
4376
763
7316
4403
763
1028
2950
510
5602
763
4263
852
5942
1763
488
2806
1584
2033
763
6119
763
1405
852
5574
1705
1897
1117
852
1705
7163
5226
6119
852
916
2033
55
4397
5563
2639
937
1405
6931
6754
3152
5052
2081
4762
5018
6129
4397
3800
7277
1897
4762
2023
2910
4318
4397
1405
151
2950
1056
318
3896
763
6442
201
2007
1230
5574
6295
3123
2419
555
3160
4397
2192
7156
4376
3409
852
1056
318
4397
418
5052
2081
5863
7014
318
4397
4730
6399
4028
4397
1896
4028
4397
2409
4534
1475
852
2386
4028
4397
1857
3111
4397
1405
2686
5565
2081
5434
4376
3409
2081
134
673
3502
4376
7163
120
4028
3760
786
3507
4376
414
6127
2950
695
1705
1405
5574
4545
318
3111
2081
5434
2950
5267
7277
1405
1724
139
7131
4136
134
7277
2081
4688
6443
852
734
4397
4376
3641
3142
2033
1405
5556
4397
2880
7277
4397
5267
4376
4397
5265
1370
2950
4265
4318
4397
6269
3111
2081
1617
2950
3470
4028
4397
418
5513
2081
1405
7277
4376
1405
2548
2806
6757
786
4376
3641
4397
5267
7277
1420
3506
3336
4318
4397
2805
3111
4397
1339
4397
1405
2773
4397
5267
4397
5265
3604
4318
16
3697
2950
1259
4376
7277
1405
4376
6109
5267
724
5256
806
5403
1405
1009
7277
4397
5267
2548
3507
4376
414
4397
4765
5574
4867
5721
2950
231
4376
414
2942
5052
4397
4397
4765
4540
5256
4902
3160
4397
929
4622
2641
7116
2950
3090
879
4397
5369
171
2950
6940
3111
2950
2950
2099
4679
4611
5113
4859
6902
6547
6547
6245
5554
7277
1405
5109
437
7277
3507
4376
4762
5556
4136
5998
1487
4752
1700
3111
4768
3193
4397
5495
1913
7277
5334
7135
1335
1339
4397
3410
4397
4904
706
3026
5052
4397
4786
852
4397
4904
362
4376
7277
1405
1405
171
4376
55
4397
673
3111
2081
7149
270
4376
3641
2942
139
2570
2081
134
7277
2116
1405
673
55
4376
4344
4397
3328
5998
1487
4752
4397
5495
7256
318
3111
4397
706
706
7277
362
4376
7277
1405
1405
3641
2950
4991
5282
301
4376
4028
4397
4376
5574
2792
6212
512
6092
3160
2081
2473
5854
5057
6151
5574
3090
5513
3774
3963
5052
4397
6151
7316
127
1705
5803
1600
1117
3903
3903
5795
2806
4397
3152
108
134
5052
2950
3903
2554
3111
2858
5243
139
4620
2858
4072
139
3438
414
4397
1744
4880
6876
3903
6299
1193
5889
3593
2894
4397
4397
2999
4397
2792
4565
6151
6151
102
5113
4376
4072
2950
3458
4762
1508
38
852
724
353
852
1405
3641
3430
4376
7277
1405
4376
891
852
5442
4397
5227
38
2322
1405
5556
139
2033
4397
1744
1354
1339
4397
2281
5113
4376
7277
1405
1056
4136
1863
4959
2322
4397
4765
424
4397
4679
7277
4397
4028
4875
4342
956
90
1405
4105
4330
5567
3111
3507
171
4376
5256
2106
4397
5432
55
4397
4991
4376
2081
134
13
673
2322
1405
3430
289
5227
1246
3169
2950
1828
2023
5574
703
2894
1744
4397
3430
5069
6191
7277
5574
14
4902
5513
4397
5863
2322
4762
4919
2033
318
3111
4397
4376
1584
4397
1092
4762
2792
2781
318
5602
3111
4397
886
1259
4762
3641
4397
2125
5052
4397
3669
5052
4397
2741
55
6151
1288
5113
5683
4473
5434
1745
6127
7143
38
5574
5519
4176
4397
5565
3111
4397
1405
7263
4318
4397
3507
7263
852
4397
3328
6547
7277
5205
4768
4818
4397
4397
2461
5007
673
7277
4397
2419
1039
3502
4397
5113
1405
1508
3507
3863
4845
4762
171
4397
7291
5500
5419
6568
7277
4397
5113
1718
2505
6902
1151
4397
1744
6443
6946
2033
5052
2950
299
3111
6295
7277
2154
1508
4136
2950
2154
6127
5472
2806
6757
1744
5113
1405
2688
1339
2081
5873
7024
2322
4762
3863
3227
852
1405
5873
5325
5574
4376
3085
763
5378
852
7313
1405
5556
2081
4968
4762
4486
7277
5226
4397
4765
2091
3502
4397
2505
6902
1151
5998
3354
3800
4397
6601
4105
4463
3160
4397
2950
299
3111
4397
7277
2154
6127
2505
1787
1060
5610
547
6982
937
6092
852
2950
2552
2013
294
4397
6982
5052
5574
4397
738
2400
2033
1545
4729
2317
1524
2465
5011
4762
2750
5007
3896
6183
55
2950
2154
967
1524
5052
4397
1259
7277
1524
3887
4397
3019
7277
139
5857
2033
7277
3842
4622
4376
2081
1146
5519
4028
4397
6061
7277
1292
4397
3019
2446
6876
4759
1524
2762
55
4397
6043
4506
7277
6036
937
4028
4397
4028
4397
1866
6754
1570
4028
4397
4759
786
4397
3019
4449
1524
4477
4134
4397
1718
3357
4397
7200
3111
3918
5837
6944
318
3111
4397
4266
5119
4406
3157
5119
525
2256
6661
4950
1052
3932
242
7277
4254
937
4475
157
5170
2928
4397
4797
3111
4397
1418
197
3111
1234
7277
6508
4028
5757
1992
2133
5574
4397
3862
5874
6529
3111
2081
5215
5912
4028
4397
2322
2133
2063
2133
3047
763
3931
4397
4797
4446
5574
4762
2651
2133
1487
4730
3735
6449
4797
4775
270
1937
2806
2133
2950
2089
3111
1117
318
55
2959
3811
4397
4797
3064
3502
2133
2133
6268
157
5170
6555
852
7066
3657
4765
38
6876
4397
3609
494
3690
3111
3630
6127
4963
4136
5325
2014
5644
5644
2414
2133
6461
139
852
2129
6443
2806
4397
1356
2950
4397
2256
6508
3079
1356
4647
4684
2133
1356
1356
627
4849
2512
6305
1230
5325
3544
2806
5757
5378
6145
2129
2976
90
3250
4466
4028
3998
6508
4406
3687
5513
4397
3012
4969
3678
929
4028
1388
437
3111
176
4910
6991
4397
5013
4028
5411
3998
2660
437
4800
2570
1117
852
2660
1584
139
4134
1356
7277
1584
2639
1978
318
2950
5761
706
4307
2950
4947
38
4028
1117
852
1978
2419
7277
2419
627
4849
4423
6647
2950
2660
1897
1168
3644
7277
1117
852
1056
5259
2639
2671
2322
5703
7316
4397
2133
4397
5171
4397
2693
2478
7163
297
5325
2950
5086
5767
4028
4397
2133
1508
4136
4397
4797
4397
4797
282
2806
2950
2133
3409
852
2133
2073
1897
1356
929
922
2292
2081
3295
7277
7039
2133
1508
4136
2133
763
5152
7163
4028
1356
1354
2133
3641
2081
2133
7163
2841
6011
1356
3184
763
2841
7277
318
1356
1744
5700
4194
1524
7277
2081
6982
937
5052
4397
4476
5574
5519
4397
1524
5574
5126
2106
6820
3111
4397
5837
1705
5574
4893
1339
2950
2114
1524
7285
4397
2505
6902
1151
2154
5849
852
1524
6876
4397
2154
4470
3896
1744
5700
4194
1524
2063
2033
852
2081
6982
2129
937
4028
4397
2212
3111
4872
4397
4768
4025
1699
4397
1699
937
6531
2950
1524
2975
2081
6982
852
1524
6803
3297
2950
4679
1339
4397
4768
5565
4768
4818
4679
524
6876
4397
4768
3193
1524
2114
6295
295
2950
6482
525
2256
5392
929
4378
4397
2133
2660
1897
139
2133
6482
4797
1897
2639
6436
139
1584
2639
5452
2950
4632
2133
5583
763
2660
4337
6371
4632
4232
3438
4397
6639
1705
139
5189
5010
5024
1705
7163
4403
5378
2950
1669
2806
2505
6902
1151
2154
5574
5052
4397
2741
55
2154
1842
4397
786
2591
763
2660
5757
193
5411
443
2591
786
4798
3896
4851
4704
2033
6299
4526
1193
297
2570
2950
763
5152
7163
318
3111
2154
852
4397
2154
297
4397
2408
763
5152
4729
1524
7277
2081
6982
3945
5119
525
2256
5998
1487
3800
1448
3153
3111
2950
4632
3355
5574
1381
2133
5052
4397
2133
5757
6773
3160
2950
4765
786
5757
5567
3355
5757
5378
852
2591
1590
852
2133
3507
3355
167
852
857
6586
5757
2023
3914
4028
2950
2202
3111
3982
2200
1587
2806
547
4576
5900
1274
2133
5171
2478
5325
3355
4028
2081
738
4729
1405
4156
5237
4376
3085
4762
4964
5354
4232
706
5513
4715
1584
2950
4196
7163
4398
3142
5157
6568
7163
2133
1508
4136
2950
1717
3111
2950
1744
5583
2081
2133
2639
5870
151
4397
1441
3111
4397
4765
318
3111
5237
2843
763
5107
4136
2419
4682
4596
2950
1705
2750
151
2950
4622
6001
4376
5574
6743
5646
879
2081
4397
3471
3111
630
7277
2950
3415
64
6876
4397
3415
7263
38
852
5939
1259
4376
3641
4397
3752
3111
4397
3415
7277
1598
2081
5554
3817
852
4762
2914
1584
4762
414
6151
2858
3221
7050
7277
5205
270
4376
7277
6151
4376
5574
6151
6443
852
297
2686
2806
3774
4376
4101
318
55
2950
301
6151
4028
4397
3506
3774
2858
171
4397
6743
6385
2806
3774
4376
3863
6633
2570
6876
4397
6285
2081
5863
3713
6876
1907
7277
4376
5556
2033
2792
6127
1645
5863
1778
7131
4136
4397
3803
3111
2950
5889
6017
6151
1705
1686
2591
4397
5625
6151
5574
5126
2033
5073
6952
6151
1992
4376
763
6151
52
3896
4376
812
2081
6461
5073
6151
441
4376
1117
852
7316
7163
6754
763
7316
6151
1794
4902
3774
2589
4376
4176
7277
6443
3335
270
4376
245
7293
4632
4232
5052
1705
4397
3378
763
166
4479
55
5574
2508
852
3750
6151
6378
852
786
1253
4376
4376
763
5378
852
772
7277
763
4639
3896
6151
6508
763
2660
763
4333
7163
4134
763
4134
4028
852
7058
7163
7277
7163
915
3748
6011
7277
6647
4376
763
3024
3092
5602
7163
2191
6151
3853
5332
2227
4227
3903
7163
4227
4376
4762
2512
6982
5052
4397
763
6151
3147
1078
2552
2806
2081
6151
6443
852
5442
4376
2844
5932
4376
3887
2033
7277
4318
4397
6151
7263
2806
3774
4376
3641
139
3160
1794
139
786
6127
6151
3873
2950
3551
3160
3774
3843
7277
1794
139
2106
4376
7277
6151
2950
6722
4404
5757
4132
90
4376
5325
2950
6295
2950
6151
763
5714
6509
1078
5267
6151
2055
3774
1296
5052
3774
3843
2950
4265
3111
4376
7277
6151
6151
2125
318
3774
4376
4330
4397
7053
5948
38
5052
2081
929
2322
6151
6991
4376
4449
3641
3551
3507
2562
3774
2899
318
3160
2106
4376
2667
5052
6269
3111
6743
1446
3774
3551
6528
4397
3551
852
3774
4376
232
7163
4397
6151
5325
5574
2950
4930
7181
852
149
4376
763
2750
5614
7163
6151
3798
7277
6299
1193
2950
6873
4376
4330
5567
3111
724
1446
4397
4376
763
4639
3896
6151
1508
4136
4376
2806
2950
3687
6743
1446
4397
2858
3507
812
4397
3551
4028
4397
3019
4397
3019
3842
1524
1508
4136
2950
4043
5052
2081
5052
4397
3800
3169
2950
3354
7277
3507
2419
3906
3902
5052
4397
2728
3803
3111
4397
1524
6295
4622
6151
1505
6151
6295
2950
2741
4028
4397
2639
2023
6436
2505
7277
297
4397
5894
4028
4376
2591
1731
1274
2741
2675
318
3111
3774
1897
6151
2129
5574
5325
4376
3636
3111
4397
5160
1102
4762
265
763
1160
55
1078
3623
297
852
2950
6151
1897
937
7163
1117
852
2858
5576
5567
4932
5325
4762
1117
852
5378
2950
4835
4217
7277
763
5152
852
6272
6986
3438
786
929
2950
4376
763
5378
1274
4397
5495
937
1078
6754
3160
763
3047
5378
437
1908
1117
2806
6151
4376
2950
3463
2357
2327
2106
2950
4376
4397
738
1908
4028
4397
2118
4762
3179
5574
2806
6011
852
4134
4932
4376
2063
2570
1339
4397
4679
3111
4397
6260
6151
1508
4136
4397
3976
4194
4397
3019
5574
3341
4136
4397
3803
3111
2950
6736
38
4028
4397
3976
1524
6192
38
4397
738
5086
3593
3111
7321
852
4397
3410
3111
4397
6036
7277
4506
937
5534
1718
5052
2950
5646
4028
4397
6508
4028
437
1524
6295
437
2081
5567
1842
4397
4959
1524
6443
2570
2844
4397
3410
3111
4397
6269
3111
4397
3976
5513
4397
3019
963
5574
4466
4028
4397
2652
2950
4868
4762
3409
4136
4397
3762
6272
3111
2950
2950
5527
6905
2033
4397
2162
3502
4397
963
3641
2081
3279
318
3111
4397
4197
7277
3685
937
4028
4397
4197
812
2081
134
4197
7163
1662
4639
1274
963
4845
157
5170
4692
1117
852
5378
852
6972
7163
852
4197
3903
2639
929
3685
3873
318
2950
7090
456
7277
963
5812
2512
2014
852
1644
2081
456
4620
4762
6757
5527
5975
2033
7207
7277
122
297
7207
4824
2741
122
5574
4197
4222
2033
4868
6991
2950
2641
1274
2554
3111
5579
5583
2081
122
4762
1329
2591
1405
3103
852
3582
5757
6508
1056
6876
852
1405
2015
318
3111
4397
6617
2950
4404
2150
55
2081
1405
5574
634
7277
3446
55
122
7163
4156
5803
1686
5567
1405
5033
3111
5803
122
7163
1039
4397
5495
4446
7163
7293
1721
1405
786
2639
374
387
5052
4397
6061
7277
1292
2959
1398
4397
4232
2806
7277
5757
763
1168
5378
88
3111
7207
2063
1521
852
2081
2741
7207
2419
2216
929
2192
3160
2505
7277
6887
5325
122
7163
88
3111
1405
151
2763
3111
122
1897
3817
4397
4959
2639
4333
270
1405
7163
5378
852
5855
3817
5237
4964
3712
5073
2950
1907
2210
763
1842
7207
265
2584
2671
1842
2950
2544
6163
3774
4156
2858
4333
2950
510
4134
38
7277
166
5576
5567
1056
2806
1405
282
139
3409
852
1405
297
5567
1584
4397
4197
2548
852
4397
4622
1032
4376
7277
6151
937
4689
2844
2950
1032
3502
6151
5669
2950
1056
4136
14
7277
84
6151
5574
1705
4397
2369
4376
6326
6151
4397
4277
3378
2192
4730
3532
5290
4028
4397
7163
2023
5378
3841
4798
7163
4376
2081
3593
3471
5052
6151
2015
4376
2015
6151
5052
1705
3918
5639
1955
437
1736
6991
1463
852
4376
2950
2369
41
6151
7116
4376
2950
3410
3111
4397
3976
6036
7277
7046
1335
2844
4397
3867
3019
4197
2441
7052
4028
4397
301
3227
852
4398
1405
7263
2441
2570
2950
4906
445
2576
3410
3111
3976
1524
4072
4397
2367
5567
4762
2055
2081
1524
4134
2950
5355
6946
6272
7277
4506
1524
1897
4397
1524
1508
414
512
5052
4620
4762
2023
193
6757
2950
6193
3111
5355
6946
1197
2322
7090
3336
1586
2570
4397
1907
4176
6036
2548
2505
6902
1151
7262
3160
4397
2154
937
7163
6269
3111
3976
3685
61
2950
456
38
1339
4397
4762
2441
2950
4906
7277
2950
7135
3155
1737
6963
318
3160
4397
3410
3111
3976
1524
7277
7046
937
762
806
4397
3976
4397
7135
3155
2004
5193
2844
4397
3309
2806
1524
5117
2081
6952
7277
4611
4136
4397
5533
3111
4397
3907
4397
3976
3685
6273
122
7277
1405
122
1508
4136
1405
6757
6820
3111
4397
1405
5574
1446
4845
2708
4762
6322
3410
3111
4397
3976
1524
2466
852
1524
6531
2033
4397
3178
1978
4028
2950
1711
4397
5495
5567
786
5757
4423
5567
763
3914
7277
193
2591
6508
2639
786
4798
5576
2671
2322
5703
151
5411
3694
55
1524
5292
7046
929
437
1524
7046
7046
6761
4991
55
2081
1524
5574
4954
7046
2688
2033
7046
7046
3641
4397
6905
3907
4397
3976
122
1508
4136
1405
6528
5052
2369
5290
929
1405
4397
3463
2357
2327
3160
2081
3781
7277
1794
139
1339
2081
3752
7046
6905
1339
2505
6902
1151
4123
6192
4028
6876
4397
7046
4729
7163
2154
2129
5574
7046
1545
2154
1897
3907
3976
7046
5849
6876
4397
2741
1405
5574
5073
7122
55
4845
3533
7046
4729
1524
5574
6508
2154
1897
1405
1794
4397
3620
852
4397
2741
2950
5245
3111
1405
5556
4397
3620
3064
852
7046
4397
4023
1897
5846
763
1117
852
1405
1794
4397
3620
852
4397
7024
5932
6299
4762
7263
1339
4397
3019
7277
2441
2570
4397
2576
6122
3507
5261
4762
3064
852
2129
906
2033
4397
2505
6902
1151
2154
7204
4028
2081
2154
6436
673
4397
2408
7277
297
6011
4397
5576
4639
672
4028
3976
4194
4197
5857
2570
4028
4397
3019
7277
3842
1405
3409
852
7046
7277
4334
2081
1405
791
2950
2407
852
1078
7046
929
3169
852
995
4397
5727
3111
4397
122
763
3002
6295
6757
3675
2033
3896
4798
6127
245
937
2419
4737
3660
6887
5325
7207
6127
1274
5757
1056
4136
4762
2055
2081
2741
7207
929
6305
1405
7163
5757
6442
6295
4845
4432
5152
852
297
2950
6592
852
151
2950
786
151
6425
2990
6255
852
5733
4397
2778
4403
297
2950
6873
1600
1584
139
6192
852
3903
5378
4397
6035
852
4134
2815
3760
4982
672
4397
4632
365
6061
2408
151
4397
4739
2959
4136
1350
2419
4576
852
297
318
7277
2639
3024
4639
4845
656
852
3115
201
2367
55
4397
572
6127
1705
6127
5885
55
3896
786
7163
1168
4639
852
2591
2684
1032
4376
7277
6151
937
7096
4028
6151
4376
5574
1098
3532
4932
4730
4376
3896
6151
763
166
1117
852
6436
270
5010
763
2750
193
4910
2015
55
7277
279
1078
786
763
2460
4376
3903
6151
3047
7163
5378
2950
3438
5574
1705
4620
4376
2023
4397
6061
7277
1292
3019
3291
2033
4028
1076
3111
4197
4197
4320
2950
6568
7277
3408
4217
5052
4397
3653
6531
6151
7277
4376
6151
3887
5052
4397
2858
7277
4376
4817
318
4397
2684
5574
6417
55
3336
7277
6151
7277
4376
2333
2033
4397
4376
3623
6151
5343
6151
2983
4376
2033
2950
2465
4376
5292
6876
4397
6269
7277
5574
6151
2840
318
5319
4845
6531
4275
3903
4376
4193
4028
4397
3019
4197
4376
1508
4136
4397
3019
2322
4397
3336
1823
1584
4762
3409
4376
1897
4397
6151
4134
4376
2840
4028
4397
2649
3111
3774
5863
1757
4136
786
3507
4376
4105
7199
3160
4376
767
7199
2020
852
6736
6151
5325
6151
4376
4376
5171
3047
7163
6151
6743
2950
6305
6876
176
6039
2950
2911
6127
6151
2840
4977
1339
2950
6352
3774
134
7277
7199
3169
2950
4028
4397
3019
4197
2910
2081
4762
3863
4845
338
7277
7263
6151
7277
4376
6151
5574
2508
852
297
3774
3079
852
6151
5991
7316
40
763
2478
4028
4397
3019
4197
2512
2950
4172
3111
428
879
4762
5556
4397
5653
5052
2950
4142
7277
7199
6151
7277
4376
4376
5574
3359
6151
852
3774
3593
2322
535
4397
1599
4142
2548
5757
4397
3019
3403
6916
2950
4142
2548
2570
4028
1076
3111
5757
6647
4376
1508
1508
4376
2023
7163
5521
6151
7076
4376
5685
6011
3896
6269
3111
231
6151
6905
2033
1339
3101
4197
2129
414
6151
4534
4436
6461
4397
3019
4197
6724
4397
3019
6151
5325
2512
5803
852
3047
55
4197
7316
6011
4446
4762
4376
5574
38
4028
4397
1521
4397
7053
4977
2033
4136
4397
3019
5425
7131
3586
318
4446
852
4376
2013
203
510
289
673
2950
6017
1794
270
7131
3817
4376
2914
5714
5573
4136
265
4620
3507
6991
2950
5006
7277
6443
4028
4397
3019
4397
3336
5942
2033
3160
437
171
4762
3142
4397
25
852
437
4397
3019
6443
852
2218
6876
4376
5574
2746
139
6151
6016
4028
3904
4397
5595
3751
3726
717
3502
5461
4397
157
2322
4397
3019
7061
6151
6870
7277
6856
6876
4397
3803
3111
4397
231
4397
3751
3726
5354
4397
7131
6876
4397
3726
772
786
4397
7245
3111
4397
2351
4397
5303
3111
4397
3019
2033
7277
4028
2950
305
6151
1508
4397
5303
5574
5910
6876
1645
7277
4397
5303
3751
5574
3137
7131
2806
4376
7277
6151
4376
2840
3641
5556
3774
852
3774
3593
4397
5303
3174
5282
3751
139
3479
1339
4397
3127
7277
1866
2950
4376
7277
6151
6647
3907
3976
1405
7277
122
4470
2950
776
3160
4397
2252
3019
6056
2033
4028
4397
122
2639
5378
852
5855
3817
4397
4959
1405
5583
2081
122
3507
5171
4134
4397
3019
1405
4370
3111
510
1405
3409
7277
2063
6876
2641
7277
7046
2129
5378
5669
4397
1076
3174
2570
1863
5757
937
5577
3841
1339
4397
673
3111
437
122
2063
2033
5073
6743
122
7316
6011
5932
5171
763
4639
852
2591
1405
763
5501
3896
7163
7277
3896
7041
4411
6011
2950
4835
3111
6467
852
2918
5325
786
301
3853
1166
1705
673
4798
2639
122
4798
2639
1405
6508
763
2023
3047
5574
1078
6295
4397
4646
2990
7174
3111
2853
7277
4089
4423
2591
4028
5383
5804
2419
786
763
6744
1705
4397
1083
4028
705
3047
6754
625
3169
6127
122
1897
4798
5757
1405
3507
4397
4786
6380
2806
5325
5235
5574
1117
852
633
2950
1955
2249
1039
4028
2505
6902
2256
1356
424
7277
5574
791
6876
852
1356
4729
1356
2354
1078
4904
3160
3896
6061
7277
1292
2154
1356
5580
2033
1274
2154
5583
2081
1356
5729
3111
5046
4798
4845
4432
446
318
2154
1356
4964
763
2374
2806
2950
1258
3111
4397
738
5113
2154
3064
852
2950
3839
2129
6461
4730
5428
852
1356
1764
3841
2154
763
2660
1897
7163
3780
852
5998
1498
2639
2910
4729
5574
4376
3085
763
5378
852
7313
1356
7163
2660
176
4397
2154
929
5052
4397
5714
1421
1356
1897
4798
5325
510
5119
525
2256
2133
2512
1978
1356
5052
5005
4397
4403
4028
4397
525
2256
7228
2133
3903
1544
6334
139
44
55
1356
4028
2505
6902
2256
1356
4028
4397
738
6367
3160
4397
4729
1405
4156
5237
4376
3085
139
7277
5831
4397
4765
2639
6508
202
1705
5699
510
786
1897
4798
1405
5699
4376
5831
4397
4765
403
3111
3020
4397
2133
465
1686
4762
3047
1356
2419
4632
4232
1686
2591
4482
2950
2693
3111
2950
4835
3111
4797
852
245
937
2917
6729
2806
265
852
3813
4632
7163
5567
852
437
3111
4397
2227
1579
7163
2023
297
437
2806
4397
4519
3111
2950
1356
763
5699
2591
4482
2950
4835
3111
6467
852
5171
2185
1686
2639
5934
852
297
3841
852
3089
7167
5757
4256
4028
5325
2950
6284
3111
1508
4176
4397
2133
4477
4477
176
5495
5378
4981
3438
6754
1705
5088
4403
3160
3340
3355
3111
2133
3903
437
2512
176
4981
7101
3111
4397
1556
7277
7163
3355
3178
852
4397
4981
5306
4397
1049
6416
2133
763
6127
660
4397
4445
5378
176
3355
6443
852
2133
4397
4797
4797
4845
1705
672
2959
5215
5757
929
4800
672
3019
4028
5434
2950
1955
672
3019
6497
1955
1941
937
4028
3918
6579
6911
852
4729
6876
4084
2271
4904
5325
4464
6482
4709
2512
6482
201
3597
3609
5574
763
5152
6028
852
151
1705
2014
852
4397
2612
7277
107
5052
90
2505
6902
2256
1356
1508
4136
1356
7163
6442
7163
6442
672
3438
4397
6592
4423
1842
1745
2154
786
139
2744
852
297
4730
2216
2678
929
4028
2154
7263
2806
2950
1356
3019
2617
4194
4397
3019
7071
4376
1508
6876
4397
4376
5171
3047
5757
297
318
3111
6151
297
763
6442
1705
1117
4376
5378
2950
2591
6151
4798
6295
1145
5757
2750
151
4397
1032
2639
7293
4376
4762
5152
852
5567
5721
6151
4762
2750
5567
852
4397
4376
1508
4136
6151
2050
1897
1405
1686
1032
4397
2419
1067
3971
2844
4397
1504
4028
4397
4968
5527
7046
1405
879
7207
7277
122
4028
1405
7163
2950
6359
3111
122
763
6442
1405
763
3882
2419
6982
2508
852
3047
2322
2185
5586
852
4397
4959
2322
4762
2322
2151
2322
7163
2023
7163
122
763
6442
139
5870
2591
1405
5010
3047
1705
3089
139
6299
6576
852
5567
1339
154
2323
7277
4530
852
2910
2950
763
6247
2639
2910
760
5052
2950
4835
3111
1405
122
4622
4376
7277
6151
333
5052
4845
6022
5466
4397
90
5863
4397
2419
1067
3089
90
7181
2844
4397
4376
2910
4397
437
4028
139
929
2512
2950
5757
4263
852
6509
4397
6093
139
2512
4397
4376
6991
5267
3160
6151
7163
5576
2709
318
4397
4376
1067
2023
3555
7277
779
55
4397
498
3111
2950
465
4031
7257
6151
1508
4136
4376
3507
1897
5574
4762
1117
852
4376
5576
3750
7163
297
852
2950
7187
7277
6436
6151
4397
4739
7187
5574
2950
4376
3507
7163
1329
4398
6151
763
2660
1078
7181
4176
5576
4639
4376
763
678
1897
5668
5010
786
5782
139
3863
5567
852
4397
4762
5292
2570
6876
4397
4397
1067
4134
4176
2950
4397
1032
4489
4397
6766
3111
2950
305
3160
2570
4397
4376
7277
6151
6997
38
5319
4397
5229
3111
4397
6336
4376
1508
4136
786
4620
4762
2023
193
4028
4397
5527
2641
2508
852
2434
3841
4762
5556
318
2950
4611
2033
4318
4397
4376
7277
6151
3336
7313
4376
5556
318
4397
139
5765
3160
2081
6151
3641
139
2322
2950
6074
1689
4376
4762
2667
5256
5073
4397
4028
4397
4968
5527
1405
750
4136
301
852
2081
1405
6647
270
4376
2789
4932
4397
2987
5527
2404
6151
1508
414
6151
2858
5736
4397
6952
2844
4397
2684
4376
3641
4397
5267
318
3111
4397
157
2641
2731
5052
4397
6151
6192
4479
2570
4397
7291
5052
4397
5812
1446
4376
5574
1117
852
2591
6259
6129
4397
4762
3887
2322
4397
332
4134
4762
2667
5052
4397
4652
7238
1774
7277
906
1339
1405
7277
7046
7046
4842
7288
4397
7109
7277
2731
5052
4397
1198
786
1405
4397
3336
2305
2570
4397
4544
4028
4397
6336
5527
2641
812
2081
5267
318
4397
418
7277
61
4136
6151
7277
6443
852
4534
4397
2880
1584
4762
6983
2950
5267
806
4397
673
3111
2081
4376
5574
5073
4376
3863
1339
4397
4338
4376
52
4397
5267
7277
297
2641
763
763
6442
2639
6295
295
2950
6873
4376
2639
4376
4611
2641
4028
4397
2641
6151
7263
5964
7277
3641
5267
4376
2562
2641
318
3111
4397
2641
5783
1194
2806
4762
6815
7131
4028
1076
5527
7277
5574
6647
4376
2125
4397
1777
2688
852
4376
7163
6151
6905
1339
4397
6991
4397
1042
3160
2858
474
5267
1339
3774
4376
6965
4136
7163
2806
3137
4932
786
7163
2478
929
3147
1078
2950
1056
6129
3507
4376
6905
1339
4397
4762
2642
1897
4762
5574
7014
2806
2950
7048
2023
3111
1877
7277
4845
365
816
4028
4397
4968
5527
1405
7163
4028
4376
7277
5527
4376
1253
2081
673
852
4397
4959
4762
5556
3717
2570
2950
3604
139
55
2081
2950
4810
318
3111
4397
816
4028
4397
4968
5527
7046
399
2487
2570
2950
633
6129
4397
1067
4376
1266
4397
7048
2023
3111
1877
318
4397
673
3111
4397
4397
7048
2023
3111
1877
3842
4318
4397
2950
3982
4810
1303
852
4397
3301
3111
4397
6669
1228
7200
3111
4810
2322
4397
6669
3111
4397
2023
4335
7277
749
4028
4397
4968
5527
1405
786
7307
6110
4397
7048
2023
4397
4968
5527
5877
852
2950
1231
55
3982
1405
7277
2081
6982
4817
7207
7277
122
6647
2806
1405
3240
3641
2950
4991
2929
7277
6443
4028
4376
7277
1115
5527
4376
6905
2033
1339
4397
1076
6151
1508
4136
5984
4376
2639
4639
6765
852
6151
763
2660
2950
1032
1405
1253
2285
4397
3982
5527
55
876
6909
6151
7277
4376
5378
5669
4397
5527
852
4397
2001
5057
4028
1076
3111
4845
1068
4397
3074
5052
4397
5527
4397
5309
5574
6711
852
4397
5240
5052
4397
5417
1483
4397
1699
937
22
4545
6151
139
166
2950
345
5812
541
2844
2806
5757
1793
2950
5086
6999
6604
1584
5757
5354
4845
4276
4397
1901
5052
4397
1483
1699
3833
7277
5007
7277
4397
1699
4703
4376
4889
38
4397
5479
139
3160
4397
4762
3329
2806
6151
852
6625
139
4027
6909
6151
5975
4397
5527
1339
4397
4027
4376
6692
2950
7089
852
1056
4762
2642
2950
4906
2950
2441
2950
4944
1019
6192
852
6757
3307
7277
1718
4134
5782
5757
2023
2910
4397
654
3111
4397
1577
4053
2950
2322
6151
1508
4376
3641
4397
5527
891
852
5600
4028
4959
7116
4376
5757
32
4028
90
2639
6436
6151
1897
937
2639
5576
4376
2548
852
4397
673
3111
4397
5556
38
4397
4376
5576
151
4902
3923
2806
703
4376
3641
2950
4974
3160
4397
816
6271
7277
5056
6531
2950
540
5052
4397
3301
3111
437
3111
4397
5565
540
4845
3139
2950
4067
5716
7277
2950
6470
6993
4397
3315
4397
4344
937
3298
7277
5467
6151
940
4632
4376
167
852
2591
4256
5513
1662
1098
2266
4028
4762
7263
171
2950
1006
7277
4397
3139
981
1718
4376
176
5495
5378
6416
4798
7163
5788
4397
5625
2069
2867
4397
4841
2548
1808
6508
4397
3517
3405
318
7277
4889
5729
3111
3169
4397
6416
665
55
5944
6151
7277
4403
193
4397
596
2326
3160
6009
4376
724
6011
4397
6151
2548
2806
4397
2741
4376
414
2950
6669
4697
5647
6944
318
3160
2106
437
3111
4397
4376
5556
139
1508
4136
1228
2027
3160
6914
6302
4376
7277
6151
4376
3409
852
6151
2322
2858
5556
6876
4397
2741
4376
6914
1032
5527
4397
4991
5574
4397
2741
4376
4031
7163
1405
7277
7046
1056
4136
1863
4376
523
2950
2369
7163
4800
4397
1599
786
6295
7163
5052
4397
6537
7163
5622
3111
1405
3863
4028
4397
4338
3641
4397
2741
1405
1897
166
1705
738
245
166
4730
2570
852
1842
122
7277
7207
5556
318
2950
6579
7286
4292
3169
4397
437
1524
7046
7277
122
297
673
4028
4397
44
6129
4376
7277
1405
7046
5975
5527
2844
4397
1032
2322
5757
4376
763
2660
3848
4404
7163
1050
852
1842
4397
5495
55
3896
786
5576
2591
7307
4486
4376
2125
4397
2741
7024
2033
852
4397
5716
2322
4762
424
4376
3231
4397
5625
7163
2950
1711
6299
1166
7277
176
937
5576
2591
2021
852
1405
7163
1168
6295
6011
763
7167
6442
3111
4376
5321
38
5625
1405
1405
6508
1705
2014
2639
6189
4028
4397
5113
800
7277
7163
6442
763
6295
4730
2369
1396
7277
2700
3160
2950
4831
4136
786
2414
4376
6673
852
6151
1508
4136
4762
5583
2081
134
4028
1405
7163
763
88
3111
2600
7163
852
5919
6011
5052
7163
373
2660
465
763
4376
5602
763
4156
1405
763
929
2561
7163
4798
7163
4156
763
166
6299
2632
193
5602
763
6370
763
4833
5052
7163
2023
6530
6295
786
1584
7277
4798
139
6192
38
852
5576
6647
2570
1680
3169
2950
6873
4376
7163
1329
3002
5602
6295
4397
7277
5803
852
772
6011
3160
3231
4397
7131
4798
7163
2660
1897
763
1405
3111
7163
3047
4376
763
5378
4397
6571
4376
7199
4397
1508
4136
4397
4376
5171
6736
5574
5325
6151
763
2950
1711
1086
4376
6736
4376
6761
4397
5141
6151
2806
4376
2950
4632
7146
5527
7046
5975
4397
882
5527
2322
1645
2322
4762
7207
1508
4136
2081
7207
6295
1405
4028
4397
90
763
2750
7316
4762
166
5565
245
166
4845
876
6909
4376
7039
852
4397
673
3111
4397
6151
2639
2023
6743
4193
4376
6295
2950
1842
6151
3963
3817
6356
2570
2950
4632
4376
5757
2487
3841
2570
4276
4028
3826
6508
4318
4397
3898
7277
3903
6151
7316
139
852
4397
4376
3641
4397
1734
4176
437
3111
4397
4762
2023
5812
1335
4397
4762
3409
852
6151
763
5846
6127
3359
7163
2487
2570
2950
4632
4376
2639
2591
38
245
1584
139
2548
5325
2950
7251
6151
4376
6508
2807
763
6442
7163
5870
4620
763
763
6475
1405
193
4397
5495
7293
1117
852
2591
4256
852
2355
318
4397
738
5086
3874
4282
6779
6151
1508
4136
270
7163
4376
1508
4136
1955
4376
763
4639
3896
6151
5583
3774
6803
2033
7277
3641
4397
1032
4397
5527
6991
4397
852
4397
876
4027
5141
3513
4376
7277
6151
937
1117
38
55
4397
4376
1584
2639
297
852
4397
3410
5378
852
297
4902
3160
5325
2169
4397
6175
3111
6579
6813
876
6909
5527
6192
1339
4397
4397
5527
2875
7277
1405
7277
7046
6997
5821
5513
122
7277
876
3410
3111
5141
1312
4397
5141
6192
4376
5736
6531
4397
4762
7277
6151
6796
4397
5495
6151
1863
6796
437
38
2950
4376
3024
1117
852
2487
2570
534
4397
4959
437
2591
6938
2106
2950
4682
3933
3111
5757
937
6627
1584
4397
5141
6443
1117
2033
5073
3841
4376
2639
1329
38
1050
38
5757
4398
1985
4397
4841
38
4397
876
6909
7046
7277
7207
1367
5513
4397
122
763
1367
852
2910
5171
5325
6826
1339
3896
3646
1795
4902
2806
4845
3707
7277
4762
1371
122
55
2950
122
2090
5119
525
2256
4397
4797
7277
4397
3457
937
2604
1142
1052
3355
2063
3841
4318
1897
7014
5052
4397
3151
2950
5233
1512
3111
6285
3355
5325
5574
4397
2897
3101
3111
4397
4845
4432
4632
446
1686
2591
3
1072
633
2322
2950
3870
3111
4431
2322
7163
2023
4397
3024
1331
2996
2639
4454
7293
4397
1512
245
937
3510
5334
2950
1018
2133
3355
2639
6442
4729
1524
7277
2081
90
2950
1056
6129
2133
7277
4397
4397
4797
7263
2806
2950
2505
6902
1151
2154
5574
5052
4397
1356
1508
4136
2154
763
1356
166
763
2154
1356
5809
1318
2806
3817
5055
2950
3507
3185
1897
139
1168
1356
2154
6295
3853
6025
3227
852
5567
2639
5870
2591
6354
3160
672
1274
6807
672
3019
4028
5434
4479
6876
4027
5141
3513
7046
7277
7207
937
4028
4397
7046
2125
2950
5641
1483
6571
3111
876
2786
4376
7277
6151
5378
1778
4136
4397
6571
3111
2950
4376
2512
174
4397
5907
3111
4397
4545
318
2950
6151
5171
3047
7163
2660
5171
852
3047
4376
4445
2129
5942
55
4632
4232
5378
3090
5990
852
3160
4397
4798
6087
4798
3667
7277
5356
4798
2639
7277
5356
763
4762
1508
4762
5288
2365
1339
4397
592
475
5052
4397
4376
5576
4639
3896
3843
7277
437
3111
3896
3410
3111
5141
1312
4397
5141
829
1339
7046
7277
7207
297
5757
2910
4397
4959
4841
5646
7046
3037
139
1405
151
2763
3111
4376
727
6571
3111
876
2786
4028
437
724
4376
2125
7182
55
2081
4959
724
1698
4397
6151
5574
4
4376
2950
3973
1946
2106
4397
6151
151
3896
4376
2512
2531
4397
6531
6571
3111
4397
4546
4318
4397
4762
1726
2950
3843
4176
4397
6531
6571
3111
4397
4376
6151
4330
4376
4376
4222
2033
2950
4008
1907
7277
5456
4397
5999
6571
3111
4397
3843
4176
3507
4762
4222
2033
2950
4589
1296
5052
4632
6816
437
1256
2512
6305
6861
318
3111
2950
7224
4376
1955
5396
5675
4397
5641
1907
5052
6269
3111
4397
4376
2639
3089
2950
5641
3470
4028
4397
7277
1584
4009
1866
3386
318
7277
2634
4028
2369
6957
4397
4546
5574
6861
4318
4397
4397
1907
4589
728
4397
1907
5052
5325
5249
4397
5291
7224
7277
4376
783
6528
4397
5641
1907
4028
4762
6151
5171
2185
2014
937
2639
1117
852
4376
763
2660
5325
2950
6277
3853
399
4376
5574
4266
2570
3336
4479
1772
2570
4397
1907
325
7207
4239
4157
38
4397
4376
7277
6151
4882
852
4397
5757
4534
4398
4397
4546
437
3111
3336
1370
4318
4376
5243
1866
728
2081
1508
2081
5863
1866
5574
5221
318
3111
4397
4546
1955
4376
7277
6151
7263
2033
852
915
4397
4008
786
7207
6440
2950
4773
3111
3336
6151
3641
6151
4134
4376
4397
4546
6299
6151
5556
5757
6647
38
2950
3301
4376
7277
6151
4991
673
4136
7207
2322
5757
6647
318
3111
7207
4611
4932
3507
2840
2033
852
4397
4762
7263
2806
4397
2875
399
2487
139
4397
4546
4397
738
1866
2283
4397
4546
5574
2464
4318
4397
4397
1907
7199
1645
3502
4397
2950
724
3641
1557
139
929
4028
4397
724
6630
1405
4762
1508
4136
7207
4028
7277
1266
4397
4762
5556
318
2950
866
5849
1339
1405
4136
4397
6571
3111
2786
852
7163
2419
297
5325
437
151
4397
4959
437
4376
7277
6151
6092
2844
2950
6151
1897
3047
2639
4376
6722
673
852
4397
772
3160
301
6151
5757
1529
2570
4176
2950
3180
7277
937
1421
2950
6284
3111
3336
325
1405
55
2081
4376
7277
6151
6647
673
38
4397
3301
3336
4922
2570
4397
1907
6508
4176
5112
4376
6443
5112
318
4397
1211
4397
2786
1339
1405
5321
1405
4397
2417
55
4397
4546
166
763
3169
5576
4700
4397
4397
6276
7244
4789
2950
6873
6299
4376
7163
4397
3024
437
88
3111
6356
2570
2950
4841
4028
5325
5513
4397
4841
7046
5574
245
55
7046
2441
5052
2950
6500
5052
2950
4
270
1329
4679
2322
4762
6761
2033
4397
1483
3937
6305
5565
4397
3937
4845
839
6897
4028
4397
626
1405
5556
318
2950
6229
1405
763
4639
2950
4730
5910
1309
4028
705
5574
1117
852
193
763
5378
4397
6035
3438
4397
570
852
2487
2570
2950
4632
5576
633
176
1851
6525
7277
1405
474
4028
2081
2063
1339
4397
154
6820
3111
4397
4376
7277
6151
4028
4397
2552
852
5587
1405
7277
1405
6761
4991
786
6127
4136
4376
7277
6151
4136
4397
5309
2844
4397
2805
7278
4397
4397
5309
13
7277
5649
4405
2709
6000
4397
2786
55
4376
7277
6151
4105
4432
852
4397
3336
593
1405
4397
6745
4879
3160
2081
4853
5685
4902
2081
1
7277
4376
7277
3336
2032
4028
4136
4762
5261
4176
2950
4376
7277
6151
151
2950
1405
763
1329
2591
1056
4136
139
5325
4798
7163
4263
852
297
6119
852
7163
937
3817
852
297
3896
4376
4072
630
4398
4376
5576
2974
3884
3094
4397
630
1405
1897
940
7163
6442
4376
4446
6914
2240
5576
4193
4397
5495
2815
4397
6302
152
5010
5757
633
2033
4845
1274
6592
6579
1405
4376
5171
2185
937
7163
5576
6972
1405
6295
2950
6920
4028
7029
3445
1117
852
3813
6011
547
2923
3111
2806
4397
654
3111
1078
4119
1117
852
3616
2570
4397
6387
4028
4397
1601
3359
852
6486
4397
6200
5944
4028
4397
4376
5010
929
4278
2806
4397
5729
3111
1405
465
1686
7163
3047
4376
4397
1908
763
1405
4798
7163
7293
4376
4798
763
7293
6443
5602
5602
763
6295
3049
6876
2806
3272
7277
6942
1117
852
633
4397
3694
1705
3167
1193
3841
5602
1929
318
7277
455
5010
465
6127
5602
5602
1078
166
6309
5602
1078
58
1351
5602
763
1469
4730
4376
5602
763
3169
2950
6508
245
937
3903
6127
3903
2855
6129
7163
7277
4397
3378
2129
4611
2033
4397
3634
55
4845
7163
2735
6442
7163
5378
7163
2735
6442
7163
7293
4397
2735
929
1294
4028
4397
6766
865
97
1339
4949
2322
4762
3409
7277
2063
4376
7277
6151
5757
4486
4376
3417
318
3111
90
3712
6151
3410
3111
5141
1312
1405
3863
852
4397
4855
4397
4959
4841
4889
4397
5780
7277
6443
6571
3111
2786
7046
783
7139
4028
3770
1339
4397
4841
4845
5605
4679
6192
5052
4397
1973
6443
584
38
3160
2398
7046
7277
7207
915
90
4217
7277
4027
6909
4397
5141
6192
1405
4855
318
4397
171
4397
38
4889
4397
4397
5141
1405
3410
3111
5141
1312
4376
7277
6151
937
2552
2806
4397
5141
852
4134
38
7046
7277
7207
6647
2950
3111
3675
5574
6482
4397
5141
6192
4376
7277
6151
3089
2950
1335
3502
4397
7046
7277
7207
5594
55
90
4376
7277
6151
673
4176
2950
3301
5513
5112
90
7207
5574
7046
3641
4853
5291
2735
5261
852
4397
2562
6531
4397
5780
55
2081
6017
7277
3863
4762
171
4397
2033
6568
55
4397
3358
3111
437
3111
4397
4217
7277
4397
5141
6443
852
4376
7277
6151
6557
318
3111
4397
2786
7277
4991
5052
4397
2028
1640
1228
4841
1973
5416
2990
7277
4027
6909
1405
7277
122
297
4397
4841
1339
4397
673
3111
4397
3410
3111
5141
1312
6151
2639
2023
5567
1050
852
1793
139
4376
2639
2660
4397
7277
5378
139
2017
852
2883
4798
2639
5010
2185
2322
1056
4136
139
6151
3507
4376
1508
4136
4376
763
4775
7163
6151
4376
6991
6151
4028
2081
2125
6151
763
763
929
3002
265
884
852
5286
1078
4376
4489
6151
6443
852
193
6754
786
4376
1794
2950
4688
852
2081
6002
6475
6754
2950
4667
4376
4134
4376
5556
38
4397
7138
6151
7163
4376
7163
4156
5757
1793
38
4397
876
1584
5757
5354
4845
4276
4027
6909
1405
2731
4397
4652
5052
4397
5527
3160
4397
4762
7277
122
4486
4397
3111
2950
1405
3329
122
852
876
6909
1405
6192
1508
4397
672
3019
3137
3502
2419
5129
672
3019
4084
414
4084
3853
4028
4397
2081
5863
4397
882
5527
7277
1405
5513
4397
876
876
2786
4376
7277
6151
6647
4397
2786
6192
852
4845
6571
4136
2950
4008
4397
4469
6272
6192
3160
4397
5757
6557
2033
852
4397
3803
7277
1056
90
5863
154
1455
4880
5513
3853
3593
7288
4376
1274
338
4446
139
6151
5757
1056
4136
1863
5757
5378
1274
5757
498
5052
90
239
7277
4397
1455
7277
937
4195
3160
4027
6909
1405
3329
2806
122
852
297
1339
4397
1405
297
122
7046
7277
7163
1117
852
1367
2806
1405
3903
7277
4798
5757
297
5757
2671
6754
5625
55
4397
1405
6761
4991
55
2081
4853
5052
4397
4405
5942
7277
4397
1908
4889
5141
7046
5574
1564
1584
4397
5141
2875
7277
4397
1718
876
6909
1405
7277
122
6625
318
3111
4397
876
4028
4397
1405
5205
4397
4007
6356
139
852
5141
7046
7052
5052
2081
7046
5625
3269
852
2885
4762
5556
6531
4397
5780
7277
6905
4397
5141
1312
7046
5282
2106
4397
7046
763
2660
4397
3191
4762
3641
4397
5309
6752
2570
7288
4397
5141
7277
6443
3314
38
139
1339
4397
1640
1228
4841
1973
2419
2990
7277
4397
4276
6621
4376
7277
6151
937
703
2464
2844
4318
4397
2421
90
239
7007
2128
38
3169
4703
3507
4376
7277
6151
183
5442
643
7277
3507
5757
1834
4397
2805
5574
301
301
6119
852
4397
6055
3111
4397
6092
318
3111
6544
2867
2419
437
5757
151
4008
399
90
7277
3531
4321
6861
4136
5513
4397
239
6993
90
3380
5757
937
6092
318
3111
7277
4679
2894
3841
4028
4397
4376
7277
6151
927
5757
4398
3724
1390
6621
6151
7277
4376
4134
852
4397
514
4028
5527
1405
5975
1645
2844
4397
2881
4028
2081
3059
136
4397
672
3019
5249
4028
5052
122
5574
1446
5052
741
2322
1405
5975
122
763
6442
556
3925
318
3896
5411
1662
4028
4397
3019
937
1117
852
5614
786
1117
852
6056
3160
4397
1808
7277
1405
1955
4105
7277
1955
2680
2980
4397
3301
3111
2081
724
171
122
4028
4397
122
1537
4105
3831
852
297
1274
4762
5556
4136
2081
660
1916
6974
4028
4397
673
3111
4397
3903
4762
22
4745
3046
1405
399
5782
1793
876
2786
7046
5574
6092
2322
1645
2322
4762
5302
1684
4397
1640
1228
4841
1973
4239
6198
7277
1390
6621
4376
7277
6151
937
4891
3502
4397
1032
1405
5825
2844
4028
4397
4397
672
3019
301
6119
5073
4028
4397
5527
1405
2512
2950
88
7277
1508
6876
4136
1261
2033
5513
4397
1405
763
929
3899
5714
2561
40
763
763
6773
7323
5052
786
5714
6766
852
1405
3817
763
2660
1897
4397
4008
835
876
6571
3111
2786
1228
4841
1973
143
6198
7046
2840
6443
3231
3770
1339
4397
1973
672
3019
4397
672
3019
2404
1645
5052
5757
937
2950
1711
2159
3593
2894
2950
6587
3040
4084
4775
270
2660
1032
2950
4265
3111
3336
2562
2033
1002
4028
1076
3111
5527
1405
1508
4397
4007
1149
139
866
6876
3160
852
1405
6803
5052
4397
1032
4397
5527
2875
7277
1405
3863
767
2894
2081
4397
672
3019
2950
2159
3593
4028
4397
22
3137
4028
3502
876
6571
3111
2786
1228
4841
1973
7046
5205
4028
4397
738
2419
3770
3111
4397
2069
3507
1228
4841
1973
139
2875
55
5416
6198
4397
5605
4679
2548
2570
7277
4397
7135
4679
6192
7046
2762
673
5052
4397
6991
2950
1032
1405
5574
2604
4397
4762
5574
3507
4397
597
2404
4028
1645
724
1446
2950
5641
3918
4762
5109
2950
6568
876
6571
3111
2786
7046
4072
2950
4762
1508
6876
4397
1973
4397
7135
4679
2548
4397
5605
4679
6192
2950
449
4397
3702
4679
6192
7046
832
4397
3800
2548
1032
1405
2604
4397
6911
852
4084
6876
4397
4084
3047
6127
1335
3438
7163
4423
2591
325
4397
3669
3291
2033
5161
305
717
4023
5573
4397
3648
3111
4397
2912
2709
318
3160
4397
1013
1002
7277
3127
1339
4397
157
55
4845
2702
1405
7147
4397
5527
5942
3853
3593
1339
4397
672
3019
2950
6958
3111
496
6876
2416
7277
3507
5157
5157
2089
3111
6897
2124
4889
4084
5757
1390
6621
6621
4670
6151
7277
4376
937
4545
1860
318
3111
4397
1455
1584
4397
2912
7149
3841
2570
90
2505
6902
2256
2154
7277
1356
4486
4397
2249
3549
7277
3507
4397
2912
7149
1939
2570
5910
1032
1405
7277
4397
5527
4028
4397
4397
672
3019
7199
318
3111
5924
5073
2950
1907
4845
2617
7277
2950
2931
3111
4991
4611
1390
6621
6621
4670
6151
1508
6876
4136
4376
102
2505
6902
2256
4397
351
937
6743
1356
6508
2639
2950
3191
2154
763
166
4136
4397
3826
6550
4194
4028
4397
1705
4845
1032
1405
4222
6974
1405
4136
1350
763
2660
5757
2505
6902
2256
2154
3641
2950
1356
5574
2154
297
6011
4397
1356
763
5378
852
297
318
3111
2154
1117
852
2591
139
166
4729
2154
2806
2928
1356
5171
3047
7163
2154
2806
437
4798
139
166
2894
139
5378
4399
4397
5572
5729
3111
3669
2806
4798
139
166
2894
6508
2591
769
7277
929
6935
2950
5119
525
2256
4403
4397
4797
5574
6469
55
2133
1705
4797
763
786
995
916
139
3644
2133
1897
3047
2639
3047
4797
1599
1908
2639
3047
5574
1978
2950
1828
3191
7144
5052
5325
55
6508
5472
699
852
3896
3235
1356
7277
2081
6867
4028
296
2322
4397
1285
3160
5782
5052
7277
2778
4397
6571
3111
1897
3644
4028
3609
924
166
4845
6508
2133
1032
4397
5527
5047
2844
4397
4028
4397
5527
1405
7277
4397
1808
122
2351
1405
3409
852
122
2322
4798
122
6935
929
2374
270
2950
1405
4397
139
166
5354
5513
2941
6813
4028
2950
4632
139
3865
318
1745
6897
2806
6757
3923
763
4263
852
2487
2570
2950
763
6370
827
38
1274
3660
3137
2806
488
1793
38
6508
2741
6280
2806
2950
5086
3846
4423
4606
2885
2033
90
7163
245
1168
5574
5803
2806
7163
852
5855
1683
2594
852
2924
3160
4397
1064
3111
4397
1390
6621
6621
4670
1345
6718
7277
5224
6876
4397
1455
4028
4397
4427
3445
4376
4376
2512
2081
3752
2570
7277
5574
2269
139
6151
3191
4762
3409
852
2910
6151
2508
852
7145
3774
6547
786
3831
852
3774
222
937
7307
6151
625
763
4563
176
5142
7277
625
7277
6151
4105
6443
6127
4397
3752
129
4376
2125
4376
6151
2639
929
763
2639
4376
763
6151
2950
4632
4768
4947
4376
1705
139
6151
937
4376
4136
4798
4397
1345
937
3507
2591
6151
4376
139
6611
5010
4028
4397
7163
2910
1345
4932
2950
7163
937
6151
1508
4136
2858
1127
3527
786
2858
5588
5757
1056
4136
1863
5757
2750
3621
786
5757
2735
6215
4902
3160
6151
3863
3774
3752
4376
2639
1329
297
2639
2671
2591
2156
852
3115
1405
1584
4762
3863
852
4397
5757
4398
2570
2844
2950
1032
5513
4397
4376
6754
6305
4874
852
1508
4136
5171
2478
265
3169
7163
6571
2033
55
2950
6151
763
5354
2950
3096
55
2950
3150
4376
5289
6151
763
1012
318
3760
437
735
1404
139
166
4397
6741
852
772
4397
227
4028
4397
3497
763
4782
139
763
1012
5883
2322
2950
6621
5658
7277
562
7241
1584
2950
2473
2544
6283
1012
763
4376
6743
2552
2806
4397
6151
4397
2379
4839
152
7167
5171
3047
55
4397
7266
1770
6820
3111
4397
437
4406
763
166
3137
5661
3160
4397
2209
7277
5965
1412
6820
3111
4397
2379
6047
658
166
2139
2227
5222
4495
4028
1076
3111
4397
763
304
2227
5222
4893
7277
763
2910
5965
3309
2806
2081
5010
763
4457
2950
5104
3111
2821
4136
270
4136
4239
5129
4845
2950
3150
6493
4028
4397
5104
5354
270
4028
4397
5850
7277
4762
6773
3169
2950
4786
1908
763
2950
4376
1508
4136
6151
55
2950
2369
1032
1405
4445
4397
5527
2844
4397
1390
6621
5830
1032
4376
7277
6151
937
5790
5073
2950
7014
90
5863
2950
6908
4569
2512
6305
6861
2033
5052
4397
6621
2950
2400
55
4845
4853
1462
4953
5104
5513
2081
6151
297
6011
2950
3150
1609
7277
2950
1808
4397
6272
3111
4845
2071
1462
5267
4397
6906
2950
5086
6198
1405
5126
38
2950
1950
3502
1462
4446
5574
1405
763
5846
1462
7039
852
5757
2949
2033
4397
4376
7277
6151
4376
6151
4376
4397
3024
5131
2129
2660
1117
7277
763
5378
4397
1342
338
5171
5576
772
6151
6442
3111
4376
465
3047
7163
193
6151
7163
5378
5010
4376
1508
4136
6151
786
139
2792
2178
270
2570
6299
1193
139
7116
270
4762
1379
852
6974
7277
6443
2570
38
3502
4397
6151
3895
4376
3750
5757
297
38
852
4397
5757
5521
4376
3641
4397
6906
4376
4376
1508
4787
4953
5104
5646
5052
4397
4762
3279
318
7277
6443
1695
4318
139
1584
5757
4486
807
7277
3593
4376
1508
4176
2806
2950
5383
852
245
6151
891
852
297
318
3111
4397
786
2858
6771
5052
2950
1538
6329
5052
4397
3410
3111
4397
2858
55
1405
7277
1462
3137
38
2950
4369
4397
738
3874
90
5863
3111
4397
4376
7277
6151
937
2734
852
2591
4376
5574
4028
4397
5052
4397
7138
3301
3111
4397
1955
4762
4072
1405
7277
1462
2625
4397
4841
1339
4397
1462
465
7293
7163
6123
4176
55
2950
1808
1405
5602
763
3169
4762
6972
2950
4835
3111
4600
6508
2950
5086
6198
3450
4397
6906
6443
4376
4842
38
2106
1455
2322
4397
4569
6991
2570
6876
4762
6502
852
4470
4397
4569
4016
2570
1339
4397
4762
5574
1955
5052
4397
4569
4091
4397
4841
5574
5052
2950
2320
4028
4397
2197
3111
4397
1462
4445
4397
1405
1508
414
1897
4762
2950
1001
5574
5646
5052
4397
571
3111
4397
4569
2844
437
6508
6329
2591
4397
5729
3111
1908
4193
1405
3641
4397
1001
7277
2106
4397
1001
3903
437
1405
6686
4397
1001
6876
4397
2322
4762
2639
1337
6876
2950
3687
1681
445
7022
852
437
3111
4397
3301
2950
5641
934
3111
5626
5574
6944
318
3160
5565
4397
1681
3169
4397
3180
3111
2950
826
6861
318
3111
5924
3160
673
5052
4397
5830
4376
6905
318
3111
4397
1455
7277
1508
6127
704
5525
1897
852
3094
708
2539
5033
4397
6908
6701
5574
5052
4397
1462
7277
3510
2400
6436
3841
4397
983
937
1985
4397
4841
852
4397
1405
2063
55
6757
2400
5053
5018
2081
5053
3896
6504
4028
705
5870
2591
301
4397
4635
3817
1405
763
6584
763
2750
2910
90
5119
525
2256
4397
3355
7277
4397
3457
937
6508
4234
4136
2950
1052
5052
4397
1052
7150
5573
3111
1405
806
2950
3918
1405
2911
5513
631
3609
4397
6518
1856
937
4028
4397
4332
1705
1012
55
5325
5325
267
5574
6127
7277
245
5574
3903
3205
4397
4043
5574
5052
2950
4753
4932
7163
5294
4397
1973
4423
2591
4136
631
763
4423
3089
2950
4798
763
1842
318
5668
2322
6305
763
4423
772
4397
4798
7163
5378
6127
5860
4397
3800
4105
1370
852
2950
6284
3111
6289
3111
4632
2513
1383
703
6212
5401
4797
1992
1705
3094
708
4376
2840
2844
4397
6887
2950
257
4446
7248
937
4685
3079
1475
5052
2950
2554
55
2950
1717
3111
2950
7187
5052
3094
708
2539
5033
4397
673
5780
3111
4397
2684
5574
1793
3160
4397
4397
2684
6443
2033
7277
7193
22
4136
6151
3887
2033
3160
4397
4569
7277
2840
4932
4397
5285
7131
2858
3641
2950
2083
7277
5556
4436
2858
2125
5052
741
2322
4397
2684
3352
2570
38
4397
3127
5119
525
2256
3458
5082
7277
2133
5574
5052
4397
2133
7187
4762
5247
3355
2133
852
4397
1556
1177
852
2660
4798
2639
2660
4446
4397
4043
5574
4797
4798
1405
6935
2950
4765
139
2750
2591
2639
929
3355
763
3079
5052
5237
4376
5574
923
852
4729
1405
5574
6887
2806
3884
3094
3094
708
257
1035
3660
937
7291
2815
4397
2419
937
2624
437
2512
2519
3090
7101
3111
2154
7277
1356
937
5126
3502
4397
4968
2154
2639
4454
4397
4569
5052
4397
4959
3301
3111
4397
1046
3160
2950
1062
2684
3092
318
1584
5757
5354
4397
5906
4376
4798
2639
297
2950
5957
4292
2639
2023
6563
2950
3239
1056
6129
2154
7277
2154
1117
673
852
4376
1356
929
3169
852
6972
7163
2950
5086
4376
6127
4146
2014
5398
6295
2154
3903
763
166
5351
7163
2023
4134
55
3438
7163
2023
5567
55
2154
3064
6876
4136
4397
4959
4397
2519
3090
4028
1076
3111
139
937
4376
1508
4136
3019
4028
5434
2154
5574
2033
1076
55
4397
4376
7277
1356
937
4028
6508
377
4376
5574
4893
4136
4376
1405
282
4762
282
6295
852
4775
6011
5567
4932
763
2023
763
2660
5171
2081
2195
2154
763
2660
5325
5574
2214
2806
786
763
6442
2639
2023
5227
6528
2950
788
3111
6982
7277
2810
4176
3884
3094
3454
2322
2639
1705
2684
5574
6127
301
2684
1296
5052
4397
4632
6816
2799
3431
3111
4679
4134
4318
4397
6895
4397
4632
6816
5574
1911
852
2950
1734
6092
2570
852
5052
4397
5053
5574
2136
2033
4845
6897
3019
4376
1897
3817
4397
1356
1897
3817
4376
1584
7163
1842
1705
5354
139
21
937
2591
2561
4028
4397
786
1356
7277
2154
7318
2950
1056
4376
5574
4376
6127
1721
852
2591
2858
5870
2591
7285
6602
1398
3085
2858
7190
1078
1356
1177
852
5010
2532
2154
2639
7293
1137
852
151
7163
673
852
7163
5501
1897
5990
2154
3409
4376
2762
2195
6127
704
1897
852
4762
826
3641
2950
6952
3160
4397
4232
1305
7277
1794
139
852
2154
1978
1705
4902
3438
193
3495
852
3896
1096
7277
4274
852
3463
5332
4028
4376
4798
1897
139
2154
5378
852
2709
4376
786
3903
7181
4762
2023
3047
4762
6262
4397
2762
1356
3863
3507
750
852
2081
5403
4376
5010
1356
3641
872
7277
1794
4397
5267
2033
852
2081
1356
5171
3817
2154
1508
414
4376
1446
4397
5267
852
4376
763
3548
852
916
2154
2684
5053
783
2136
2033
4397
4762
1508
4136
5053
3227
1584
7163
1405
1367
2778
763
297
1117
852
4844
5052
1405
2548
852
2950
6402
1705
2983
2033
852
4397
3019
4376
5574
7014
673
7277
888
6129
1897
4762
414
318
4397
418
7277
4397
3611
5052
2081
2154
763
2660
1897
7014
5157
4414
6129
3760
7277
3884
3094
2512
2624
6305
4376
4031
1686
2660
399
6127
5052
4397
2154
4376
5757
7293
3340
242
3169
176
852
2487
2033
4397
2154
4376
3507
4397
2154
4376
750
38
3740
1046
5052
4397
2227
5513
4376
4845
2227
4964
6305
4256
4028
3463
5817
3416
852
1978
139
5052
4397
2369
2154
1897
937
7163
4376
4397
4841
4028
2950
5052
2950
3740
2950
5030
3740
2950
5944
2120
2950
2625
3111
5065
7229
7277
2950
2950
5069
6761
2033
4845
4397
5229
3111
437
3111
4397
7229
2815
4397
5303
3111
4397
3740
1405
6905
318
7277
2639
229
1705
2706
5757
937
6127
4028
2950
4028
2950
4397
2512
2950
5641
6592
6515
3886
5052
4397
4397
3510
983
937
4028
1
4136
750
2844
4397
3227
55
3019
2154
4138
2033
4397
2741
2154
6743
134
1056
2806
2950
3507
1056
2806
2950
1356
4376
5574
2154
6443
852
7316
4397
4376
5567
1356
3884
3094
5574
4376
6127
1117
852
3884
1356
786
7163
4156
139
1686
2591
3884
7163
4454
1705
2240
4376
4762
432
4762
4263
1535
4454
139
852
6442
4446
4762
166
6305
4278
2950
1356
7277
2154
1056
4136
270
3169
4376
2950
1571
1584
6190
763
2660
5325
4798
4089
2512
6305
4307
3309
3507
3309
5757
1056
4136
3507
2154
3641
4397
2154
2820
3111
1228
3611
4688
57
4397
3740
4265
5052
4397
139
2548
7131
1339
2651
4376
6127
1897
4397
2693
5574
245
852
2883
2033
4028
4688
1253
4091
5052
4397
1356
4397
4688
3740
1405
3887
4397
2078
6129
2419
7229
7277
2063
2639
717
38
852
6151
5790
38
6129
4397
2419
3740
6906
5341
1462
5574
4840
55
2950
1665
4397
5663
7277
4515
1405
1462
3409
4397
662
1405
1718
2950
695
2570
1405
5171
2185
1462
2792
3740
6906
6906
5057
5073
4397
5341
5574
4397
6906
55
3836
2844
5468
6151
852
437
3111
4397
1699
1705
6336
1339
4397
2858
1462
5171
3687
2778
4397
3019
3863
5341
1405
547
534
3160
4397
6833
1405
3409
852
3740
6906
6906
5057
1405
6761
4397
2436
7277
5043
2844
879
4397
6151
5574
3712
5052
4397
4959
3301
3111
4397
1955
4655
7277
2322
1405
2548
318
4397
673
2436
3111
4397
6151
3740
6129
6906
7277
6833
6151
6192
318
4397
2436
7277
5574
3817
852
6557
956
852
4397
6402
5052
4397
6833
1584
2639
4534
673
852
1405
2322
4762
1794
2950
5267
852
4397
673
3111
4944
5248
7277
2950
6829
6192
318
3111
4397
55
2950
7088
3111
4473
7277
1354
2806
2081
2227
260
4762
6443
852
6531
2081
2436
1584
4762
4762
1508
2033
3019
6192
3863
3817
2867
3593
2570
4397
3669
7277
1356
3887
2322
1356
2840
852
2950
4397
3019
5556
2033
7277
3842
3411
4397
6829
4841
6833
6151
6192
38
4397
6402
3160
4397
5821
5513
1405
55
2950
1405
5053
2950
1897
4397
2693
5574
2950
7277
465
5574
139
6743
1405
2858
2374
6011
5171
763
88
763
166
1117
852
297
4902
55
5325
7277
763
88
7316
1117
852
2950
46
4028
4397
6127
7138
3160
1584
2639
297
245
5576
3089
2419
7187
1405
4397
1599
5574
852
4397
5576
7316
3841
4446
4397
3740
6508
90
2773
937
2033
4136
3884
3094
5513
5513
4397
2014
5757
2750
297
2950
38
3760
4397
3740
4423
2591
5052
4397
1649
3111
7277
6606
3841
3817
4397
1957
2880
4798
5757
5354
5325
3740
4397
5757
5378
1274
5378
852
4775
4397
3740
297
1339
4397
3454
7277
5602
3111
5378
852
6151
7163
4156
2419
7187
1405
4397
4968
4423
2591
852
1078
4670
4028
4798
4397
4028
1078
763
4700
318
1897
1508
3169
2950
189
7277
1793
38
4397
4798
2639
1928
1978
5052
4730
5971
7277
297
2950
2409
6151
786
2741
1405
7163
4333
4397
6515
5052
4397
6127
4087
5513
763
1168
5378
88
3111
5053
7163
6424
3774
1205
929
5010
7163
2023
2523
3774
55
5171
6045
7163
1405
763
6424
3774
1205
5602
763
5152
3774
852
3047
6011
2950
4798
6754
2548
5625
7277
5325
1908
2548
2950
5055
2950
2911
4403
937
1117
852
2591
763
5152
1705
5052
1078
5010
6127
1117
852
5554
4397
1405
5267
852
2858
5119
525
2256
4397
2256
5574
6028
5574
7014
4136
2828
3151
6993
2950
3611
3111
2651
5757
937
6911
852
2950
591
5215
2322
4762
6692
2950
4296
852
421
4397
544
157
5170
5215
523
4136
3669
7227
7277
4091
2639
4028
2186
3111
380
437
2159
2923
5048
852
4239
6425
2923
3160
4239
852
5923
5691
4716
3853
2923
2806
5129
4932
4397
3687
1669
4797
852
4397
157
5170
5215
2419
2159
7277
5889
1086
4028
4397
1599
5086
4397
5572
5932
5804
2950
2133
268
4930
4841
6833
6151
5574
3604
4028
3774
2322
2858
4397
3770
1405
1614
3774
852
4028
4397
4841
1973
1405
631
3507
2791
5782
6497
1228
3079
7182
55
2858
2555
2409
1370
6151
2512
3601
3111
3474
4028
4353
1364
7225
7101
90
2351
3111
6735
740
5052
1863
4959
2322
5757
2015
852
3111
1691
4028
2950
1405
5416
7065
7277
6151
1797
3142
1863
6568
7277
4397
6289
3111
4397
4397
6735
7277
4397
1691
1863
6243
318
852
2322
4798
5354
5513
2950
4632
1405
3507
5788
7277
6151
3774
4688
1130
6876
4397
5788
2792
1420
3507
1084
852
5760
7277
1420
1228
4841
1973
4397
981
2548
1405
4762
5583
2081
1405
7163
1168
5378
5668
763
4156
763
1686
5614
7277
763
6151
5576
2591
1808
5468
763
5152
1274
6820
3111
1405
5905
4762
414
3774
4762
1794
2081
5267
852
6151
4889
3774
1405
1405
5574
3817
852
4534
4397
2880
1584
5053
2875
5053
6264
5757
4486
2950
3019
5053
5018
2081
1405
929
5757
4486
5053
7116
1405
2950
1405
6127
2950
2487
4397
3507
5614
5378
519
55
1405
6443
2028
2033
4397
6402
852
4397
3740
4397
6945
4136
4397
4283
5574
5291
5052
3680
2950
2159
4157
2570
4397
673
3111
4397
4841
6833
5053
2125
2950
6952
5052
6151
55
437
724
4404
4762
826
1534
4397
1973
55
4397
724
5034
5052
816
3774
222
5666
6876
852
2950
5053
5109
5788
7277
783
6356
4397
5053
6151
7277
5053
6151
5282
5256
7277
1645
55
4397
7149
4397
5267
318
3111
5053
7277
1584
6151
5282
4136
270
5053
2562
4397
2592
318
3111
3774
3507
6803
2033
1645
7277
171
6151
2106
4397
5432
55
4397
6159
3111
2081
2858
7199
4977
5053
88
763
166
929
407
2227
763
166
2950
4725
7163
5870
2910
1897
763
2023
3047
55
929
1078
5053
2548
2806
2081
724
3641
5319
4397
6151
7277
5053
2322
5053
3409
673
55
4397
6151
1317
4397
139
171
5053
2989
4028
4397
4762
7199
3169
2950
6151
7163
5870
2910
1897
763
2023
3047
55
929
2950
3740
4283
1405
4637
2081
2400
5052
6269
3111
4397
5291
5052
3019
2154
7277
4376
937
6651
4376
750
4136
4376
2154
297
510
6295
2154
6295
2950
4700
3740
1405
7277
4397
6945
6509
5291
5052
4397
3019
4397
3019
6192
4447
1405
414
1117
852
1687
7277
3409
7277
2840
4397
3019
7199
38
879
4397
4397
3751
3726
6750
3817
2867
3593
6876
4397
3740
5229
7277
4397
510
6443
1405
7277
4397
6945
6647
3160
4397
3726
2322
1645
2322
5757
4397
3019
2404
1405
7277
4397
6945
6997
3160
5944
852
4397
6945
2925
929
1584
4397
3019
3726
937
3817
852
4132
2033
852
1405
3887
38
6129
2419
7229
7277
4397
3751
3726
5567
7131
6876
2081
1405
4072
4845
3362
6272
7277
2950
2032
4266
3019
5863
4447
1645
6876
4397
3740
1584
6151
6714
2033
318
3111
4397
3774
673
852
4397
4376
4534
4397
3019
5556
2033
6151
6016
4397
3019
4670
5794
5513
1405
2512
4362
2033
7277
5574
5112
4136
6151
2840
4902
3160
5112
6952
5073
3774
2419
983
3902
2419
3968
7174
3111
6151
7277
4398
3502
6151
5574
274
6129
1405
7277
4397
983
55
3903
7181
318
4397
3019
6192
2844
4397
6582
3111
4397
4479
139
3291
2033
7277
4376
3680
3160
4397
3019
5052
2950
5309
4438
852
2950
6926
7277
5291
2950
5112
7131
6876
6151
4397
1599
6945
5765
2570
4397
4397
4968
6945
61
4136
6151
7277
6443
6151
4397
3336
4703
2033
4397
6833
5229
4176
2858
3887
2033
7277
3641
4376
2322
4762
5282
4028
5052
4397
5112
2081
4376
7277
6151
937
3584
2033
7277
4397
4968
6945
2129
5291
2950
3336
1842
4762
1462
5291
4845
4853
4136
6151
7277
4397
4028
4397
3019
3336
4703
2154
5574
6212
4397
5309
1446
4376
7277
6151
5574
886
5513
437
3111
4376
7277
6151
1039
3853
3593
852
4397
5229
3111
2950
4376
4611
2322
5757
1462
5574
5354
7277
4397
3019
4540
4902
2052
5142
120
4630
4397
6906
1370
318
7277
4397
3019
7199
852
2950
5256
7291
879
4397
4376
7277
6151
4470
4397
3019
1835
2322
4397
3740
6856
5757
1056
4136
1863
6151
7163
772
4397
772
4397
4376
6151
6443
3507
6151
6965
4136
7163
2806
3137
4932
786
7163
2478
929
3147
1078
4376
5757
4486
2950
3019
4028
4397
5757
1056
6876
852
2950
7135
592
3019
3137
4028
4376
7277
6151
1274
2260
3409
852
4291
1584
5757
2950
2400
3090
4028
4397
4481
3111
4397
7135
592
1446
2950
6151
4574
4376
6127
1274
6151
5757
7318
2950
738
3507
6151
1354
513
4907
2033
4397
3074
6023
139
6876
2081
1259
7277
1354
2806
4397
4841
6833
7277
2081
2227
4831
4762
4222
4397
6445
2192
5513
3487
6945
5944
2120
940
3774
7181
1606
4397
3019
879
3740
1046
2154
7277
4397
510
333
7101
90
3296
4397
3740
5574
7181
2570
4028
4397
5757
4486
6610
7277
1992
852
2950
260
2684
1979
3502
3507
2844
2950
3127
1308
1296
5052
260
4397
6829
3160
4397
5574
1356
879
3740
6906
5341
6151
6192
1339
4397
2858
2637
4136
4397
5663
7277
4515
2858
1508
4787
2950
695
6833
1405
7277
4397
437
3874
6945
4486
4397
5757
4398
3502
4397
6402
852
4397
5229
5069
1584
5757
4486
630
5052
4397
5229
3111
4397
1405
6264
852
4397
4762
5117
2081
2508
852
3415
318
4446
852
3507
5757
4486
265
1682
4136
4397
5069
4397
6945
6761
4991
5052
4397
5052
6269
3111
6833
3336
2822
2033
4318
4397
5069
786
4376
5574
2734
4028
437
6571
3111
3019
3074
5309
5574
6452
852
4397
5069
2639
5343
4397
5309
6876
852
4397
3301
3111
4397
6833
852
4376
1682
5052
4397
6743
6711
852
4397
4376
3193
2950
2625
4028
4397
6445
7277
3887
673
2570
4397
3301
3111
4397
6833
4397
6945
4072
2950
6443
852
929
4376
5282
1339
4397
6833
5052
4397
5291
4397
4397
6945
5574
5580
2033
5513
4397
544
7277
2722
673
4318
4397
6984
1895
788
3111
4397
6833
7277
318
3111
4397
1405
6905
2033
1645
4318
4397
5069
852
4397
4376
4611
4136
4397
6445
866
4376
1266
4397
5267
3507
5479
4397
5309
3160
4397
4762
7199
852
4397
4397
6833
7277
2840
852
4397
5944
2120
6151
2512
2950
6582
3111
5626
2413
1339
4397
4944
2777
4872
3111
2950
4567
5052
4397
5015
2157
3111
4397
5944
2858
1718
139
7277
7039
5229
3111
3740
1405
3098
6974
4397
7135
592
3019
1130
4028
5376
3502
4397
4397
2400
4028
4397
4481
2125
318
2950
724
852
1405
5574
2686
2806
4397
724
7277
3641
139
4376
7263
318
3111
4397
5069
7277
3641
5319
4376
7277
1405
1405
2562
5999
3111
2125
5319
4397
2400
4028
4397
3019
7277
5574
6861
4397
3019
4449
5376
6876
4397
4028
4397
3019
1405
4545
2081
5267
7277
4611
38
4136
4397
3740
4397
3019
4449
673
5376
6876
4397
5863
3903
2554
3111
4376
5052
4397
3740
1405
297
3123
318
3111
4397
510
3064
7277
6443
852
4828
7277
3507
4762
3863
4845
3152
4397
3019
4278
1897
4762
4397
3019
5574
5425
6876
4397
786
139
5942
4902
4376
5574
3680
5319
4397
5877
7277
4438
4397
5309
852
4397
4397
4959
6571
3111
4397
5309
5574
6743
6711
852
4397
4397
3019
5899
806
4397
786
139
4028
4397
3019
1405
528
5584
592
4397
2950
1405
4153
318
3111
4397
3019
55
2081
5112
38
4376
2129
3641
5319
4397
5309
7277
5736
38
139
852
4397
5229
3111
4397
3336
1968
4028
6508
4176
4762
3887
38
4318
4397
5069
1405
414
3137
7277
4397
3019
4397
528
2982
3846
2709
4405
7277
6506
4176
4397
4397
3019
6224
2033
7277
3842
3697
2322
4397
3740
6856
5944
2120
4397
3627
3982
2033
4397
5626
2548
1339
4397
4567
4944
2777
4397
4567
4841
6833
4376
3863
852
2081
2548
852
1056
4136
4397
1228
4841
1973
547
2990
7277
4376
1508
4136
2508
852
3415
318
5171
852
989
4762
4072
4397
3111
265
1474
38
1339
4397
4762
1405
133
2508
852
2508
852
2591
1405
5757
1333
7277
763
1778
5831
2950
1955
4008
4376
763
6722
989
1405
4798
6876
7277
7163
6722
7163
989
4376
1405
3504
7163
937
1117
852
4639
6508
7163
5378
852
3047
5574
297
7208
4028
7277
4798
7163
2322
2950
693
814
7163
297
1405
5556
4397
3463
2357
2327
3507
5283
4376
7277
1405
7318
2950
1405
1794
2033
2081
1405
4376
1794
2033
2081
5944
2120
2950
4262
55
437
912
4567
6356
2570
4397
437
2894
139
3438
4786
852
6129
6833
7277
5944
2120
6151
5574
7014
2106
4397
5944
5863
4397
3740
5944
2873
5574
5334
7135
4028
4397
1331
3160
4397
912
6833
4376
7277
1405
3870
1863
1405
1159
1571
5574
2950
1493
5757
5152
852
3089
139
3817
3567
6127
3817
3567
3817
1405
3917
2950
4284
55
2081
4155
4376
5052
4397
4376
5574
512
2840
3160
2081
1405
4028
4397
2227
2591
5010
2185
1662
1686
3030
7277
2910
4798
2639
297
2950
6873
6299
3111
1705
7135
521
318
3111
5932
1405
3917
4284
4376
5055
1150
786
5574
4994
3740
5998
3740
2873
4397
2873
5574
6151
5574
6129
4397
5944
2120
7277
2950
7014
38
4136
4397
6127
704
1897
4397
2693
1117
852
3047
1584
2858
4072
2950
1308
2858
6833
1405
4256
852
5157
5756
166
852
2950
7163
2660
1897
5189
1584
7163
297
6212
3896
6047
5660
806
4397
5565
3111
3896
4775
7163
2910
1897
1405
6803
3502
3817
852
4085
270
1405
4376
6192
2033
5256
55
6508
3863
1405
2106
4397
5432
7277
1405
1038
2033
7277
7291
2957
4376
133
6876
4028
4397
4679
3111
4397
5069
2894
7277
4397
3740
2873
13
4397
3740
3887
4397
6833
4376
5574
4954
2570
2081
4397
4632
6816
5282
6910
4028
4397
3486
4397
1734
4542
4397
5138
852
4397
2147
3111
4397
5944
4398
852
3740
4397
1076
3968
2175
5376
2570
4397
38
2950
6508
4575
912
1033
6833
4376
891
852
297
852
2081
786
3507
4397
3332
6443
5691
7288
270
4397
3740
4397
4841
6833
2548
38
4397
2868
2162
3111
4397
2065
7277
4397
3740
4397
1197
3111
4397
5700
1002
7277
3982
6833
7222
4679
3160
2950
3982
4567
6192
4028
4318
4397
6895
4028
5325
1600
4376
4397
4632
6816
2894
4136
4397
6571
3111
4397
3680
4028
3004
2033
4028
4397
2419
1734
937
4397
3024
4910
5599
4397
4632
6816
3160
5691
3463
3593
852
4397
3410
3111
4397
1405
5574
5646
4136
4397
3410
3111
4397
3067
2106
4397
6127
4376
1508
4176
2806
4762
414
139
7208
6902
4043
5052
4397
3079
4370
4762
2950
6952
5646
2950
5086
3593
4376
1405
7163
5378
852
5442
3507
7163
2671
5378
2014
852
5442
7163
297
852
4376
3409
852
1405
1521
2950
5267
4136
4376
4397
4841
5574
4798
139
4397
1957
2880
4423
2487
139
1405
763
4376
5055
2950
2911
4403
4423
1405
958
4798
5757
151
2950
437
3111
4397
1734
1446
4397
4841
3604
437
7260
4376
2081
4688
1130
6876
4397
5605
1405
3047
139
7277
763
4376
1508
4136
4376
763
5107
7163
1168
2660
6011
1705
5703
4932
4376
5109
4397
5605
1405
4376
2589
512
2285
3160
2081
4397
7208
5765
3160
2081
1405
5574
3817
852
2709
3507
4072
2950
1979
7277
1508
2033
4397
738
7260
3005
4318
4397
4841
7199
3502
5033
6133
724
3641
4397
7208
7277
2081
4688
5109
4397
7135
1228
4841
1973
4397
6470
7277
981
5567
1444
1405
2081
3079
3020
55
3686
6844
4397
4632
6816
5205
1339
5033
1085
4376
3863
852
2081
3593
7277
133
6876
4762
7263
6761
1495
7277
5556
318
4397
4376
4762
1354
318
3111
4397
3740
1046
4376
6905
318
3111
4397
6833
7277
6443
6092
4318
4397
3740
7297
7277
3982
7014
2806
2950
1052
4527
5556
2033
7277
2950
3825
7277
321
6997
4376
1253
6092
4318
4397
4762
3831
852
6281
1584
4762
2950
6017
4028
2950
6944
318
3160
2106
2950
3982
4376
2840
852
4397
5556
4136
4397
891
852
5442
4397
5944
2570
4397
1683
6757
7097
5975
4376
4134
4376
5574
4545
5256
5052
4397
6017
6151
4397
157
5170
6220
7163
5010
6873
7163
5378
852
3750
604
2570
1808
4376
3409
852
6151
5995
6876
3160
4397
260
2154
7277
1356
937
5073
4376
7277
6151
6647
852
1863
5757
4398
6400
1863
4398
6655
512
2570
1863
4398
3024
852
2591
2422
4397
1052
3825
7277
6104
3825
1897
3644
4376
7277
2154
7277
1356
7318
2950
4376
4136
912
1288
166
2508
852
3750
4730
4397
3825
926
6299
4376
7277
6151
2015
767
4176
1863
2322
5757
4376
812
318
2081
724
852
4376
4368
6151
6151
5757
2354
6461
7277
2015
5052
2322
5679
852
3918
4397
6571